Model name: Intel(R) Xeon(R) CPU @ 2.00GHz
Processor/(run) count 16
namd = 9.81625000000000000000
dealII= 17.81250000000000000000
soplex= 17.81250000000000000000
povray= 12.83750000000000000000
omnetpp= 12.83750000000000000000
astar= 8.26625000000000000000
xalancbmk= 13.90625000000000000000
Average per processor: 11.82
Machine total HS06: 189.12
