Model name: Intel(R) Xeon(R) Platinum 8375C CPU @ 2.90GHz
Processor/(run) count 16
namd = 13.87500000000000000000
dealII= 23.46250000000000000000
soplex= 23.46250000000000000000
povray= 19.49375000000000000000
omnetpp= 19.49375000000000000000
astar= 11.36250000000000000000
xalancbmk= 19.37500000000000000000
Average per processor: 16.11
Machine total HS06: 257.76
