Model name: AMD EPYC 7B13
Processor/(run) count 16
namd = 9.31875000000000000000
dealII= 20.35625000000000000000
soplex= 20.35625000000000000000
povray= 14.31250000000000000000
omnetpp= 14.31250000000000000000
astar= 10.09062500000000000000
xalancbmk= 18.54375000000000000000
Average per processor: 13.32
Machine total HS06: 213.12
