Model name: Intel(R) Xeon(R) Platinum 8375C CPU @ 2.90GHz
Processor/(run) count 16
namd = 13.90625000000000000000
dealII= 23.48125000000000000000
soplex= 23.48125000000000000000
povray= 19.35625000000000000000
omnetpp= 19.35625000000000000000
astar= 11.50625000000000000000
xalancbmk= 20.11875000000000000000
Average per processor: 16.28
Machine total HS06: 260.48
