Model name: Intel(R) Xeon(R) CPU @ 2.80GHz
Processor/(run) count 16
namd = 12.45625000000000000000
dealII= 22.31250000000000000000
soplex= 22.31250000000000000000
povray= 16.30625000000000000000
omnetpp= 16.30625000000000000000
astar= 9.89187500000000000000
xalancbmk= 16.75625000000000000000
Average per processor: 14.29
Machine total HS06: 228.64
