Model name: Intel(R) Xeon(R) CPU @ 2.60GHz
Processor/(run) count 16
namd = 9.54875000000000000000
dealII= 17.19375000000000000000
soplex= 17.19375000000000000000
povray= 12.10000000000000000000
omnetpp= 12.10000000000000000000
astar= 7.96000000000000000000
xalancbmk= 12.21250000000000000000
Average per processor: 10.59
Machine total HS06: 169.44
