Model name: Intel(R) Xeon(R) Platinum 8375C CPU @ 2.90GHz
Processor/(run) count 16
namd = 13.92500000000000000000
dealII= 23.52500000000000000000
soplex= 23.52500000000000000000
povray= 19.52500000000000000000
omnetpp= 19.52500000000000000000
astar= 11.81250000000000000000
xalancbmk= 20.88750000000000000000
Average per processor: 16.60
Machine total HS06: 265.60
