Model name: AMD EPYC 7B13
Processor/(run) count 16
namd = 13.70000000000000000000
dealII= 30.03125000000000000000
soplex= 30.03125000000000000000
povray= 22.15000000000000000000
omnetpp= 22.15000000000000000000
astar= 13.76250000000000000000
xalancbmk= 27.71250000000000000000
Average per processor: 19.68
Machine total HS06: 314.88
