Model name: Intel(R) Xeon(R) CPU @ 2.20GHz
Processor/(run) count 16
namd = 9.86437500000000000000
dealII= 18.06250000000000000000
soplex= 18.06250000000000000000
povray= 13.06875000000000000000
omnetpp= 13.06875000000000000000
astar= 8.31000000000000000000
xalancbmk= 13.59375000000000000000
Average per processor: 11.82
Machine total HS06: 189.12
