Model name: Intel(R) Xeon(R) CPU @ 2.50GHz
Processor/(run) count 16
namd = 9.81000000000000000000
dealII= 17.99375000000000000000
soplex= 17.99375000000000000000
povray= 12.88125000000000000000
omnetpp= 12.88125000000000000000
astar= 8.32937500000000000000
xalancbmk= 13.21250000000000000000
Average per processor: 11.70
Machine total HS06: 187.20
