Model name: Intel(R) Xeon(R) CPU @ 2.60GHz
Processor/(run) count 16
namd = 13.71875000000000000000
dealII= 23.36250000000000000000
soplex= 23.36250000000000000000
povray= 19.10625000000000000000
omnetpp= 19.10625000000000000000
astar= 12.30000000000000000000
xalancbmk= 20.48125000000000000000
Average per processor: 16.77
Machine total HS06: 268.32
