Model name: AMD EPYC 7R32
Processor/(run) count 16
namd = 10.07000000000000000000
dealII= 21.35625000000000000000
soplex= 21.35625000000000000000
povray= 15.71250000000000000000
omnetpp= 15.71250000000000000000
astar= 10.41250000000000000000
xalancbmk= 16.76250000000000000000
Average per processor: 13.59
Machine total HS06: 217.44
