Model name: Intel(R) Xeon(R) Platinum 8275CL CPU @ 3.00GHz
Processor/(run) count 16
namd = 13.33125000000000000000
dealII= 24.23750000000000000000
soplex= 24.23750000000000000000
povray= 17.94375000000000000000
omnetpp= 17.94375000000000000000
astar= 11.28125000000000000000
xalancbmk= 18.84375000000000000000
Average per processor: 15.64
Machine total HS06: 250.24
