Model name: Intel(R) Xeon(R) CPU E5-2686 v4 @ 2.30GHz
Processor/(run) count 16
namd = 9.30375000000000000000
dealII= 17.13750000000000000000
soplex= 17.13750000000000000000
povray= 11.81250000000000000000
omnetpp= 11.81250000000000000000
astar= 8.71875000000000000000
xalancbmk= 14.30625000000000000000
Average per processor: 11.47
Machine total HS06: 183.52
