Model name: AMD EPYC 7R13 Processor
Processor/(run) count 16
namd = 10.52500000000000000000
dealII= 23.02500000000000000000
soplex= 23.02500000000000000000
povray= 16.23750000000000000000
omnetpp= 16.23750000000000000000
astar= 10.80000000000000000000
xalancbmk= 19.36250000000000000000
Average per processor: 14.43
Machine total HS06: 230.88
