Model name: AMD EPYC 7571
Processor/(run) count 16
namd = 7.96000000000000000000
dealII= 15.40625000000000000000
soplex= 15.40625000000000000000
povray= 10.86687500000000000000
omnetpp= 10.86687500000000000000
astar= 6.70437500000000000000
xalancbmk= 10.28687500000000000000
Average per processor: 9.11
Machine total HS06: 145.76
