Model name: Intel(R) Xeon(R) CPU E5-2666 v3 @ 2.90GHz
Processor/(run) count 16
namd = 10.90625000000000000000
dealII= 20.00625000000000000000
soplex= 20.00625000000000000000
povray= 13.76875000000000000000
omnetpp= 13.76875000000000000000
astar= 9.24062500000000000000
xalancbmk= 14.70625000000000000000
Average per processor: 12.55
Machine total HS06: 200.80
