Model name: Intel(R) Xeon(R) Platinum 8259CL CPU @ 2.50GHz
Processor/(run) count 16
namd = 11.43750000000000000000
dealII= 20.91250000000000000000
soplex= 20.91250000000000000000
povray= 15.28125000000000000000
omnetpp= 15.28125000000000000000
astar= 10.25000000000000000000
xalancbmk= 16.50625000000000000000
Average per processor: 13.87
Machine total HS06: 221.92
