Model name: Intel(R) Xeon(R) Platinum 8259CL CPU @ 2.50GHz
Processor/(run) count 16
namd = 11.46875000000000000000
dealII= 21.06250000000000000000
soplex= 21.06250000000000000000
povray= 15.10625000000000000000
omnetpp= 15.10625000000000000000
astar= 10.30000000000000000000
xalancbmk= 17.53125000000000000000
Average per processor: 14.15
Machine total HS06: 226.40
