Model name: Intel(R) Xeon(R) CPU @ 2.30GHz
Processor/(run) count 16
namd = 9.86062500000000000000
dealII= 18.06875000000000000000
soplex= 18.06875000000000000000
povray= 13.06875000000000000000
omnetpp= 13.06875000000000000000
astar= 8.55812500000000000000
xalancbmk= 14.03125000000000000000
Average per processor: 12.06
Machine total HS06: 192.96
