Model name: AMD EPYC 7B12
Processor/(run) count 16
namd = 9.34375000000000000000
dealII= 20.68125000000000000000
soplex= 20.68125000000000000000
povray= 14.46250000000000000000
omnetpp= 14.46250000000000000000
astar= 10.32500000000000000000
xalancbmk= 19.61250000000000000000
Average per processor: 14.01
Machine total HS06: 224.16
