Model name: AMD EPYC 7571
Processor/(run) count 16
namd = 7.97125000000000000000
dealII= 15.36875000000000000000
soplex= 15.36875000000000000000
povray= 10.78375000000000000000
omnetpp= 10.78375000000000000000
astar= 6.63500000000000000000
xalancbmk= 10.50312500000000000000
Average per processor: 9.02
Machine total HS06: 144.32
