Model name: AMD EPYC 7R13 Processor
Processor/(run) count 16
namd = 10.40000000000000000000
dealII= 22.91875000000000000000
soplex= 22.91875000000000000000
povray= 16.19375000000000000000
omnetpp= 16.19375000000000000000
astar= 10.65000000000000000000
xalancbmk= 19.17500000000000000000
Average per processor: 14.29
Machine total HS06: 228.64
